478.127 263.07
476.34 272.249
474.403 282.198
472.298 293.016
470 304.823
467.481 317.761
464.71 332
461.645 347.748
458.237 365.256
453.055 260.486
450.297 269.443
447.311 279.141
444.068 289.674
440.533 301.155
436.665 313.719
432.414 327.526
427.72 342.771
422.511 359.69
428.605 257.966
424.926 266.709
420.946 276.165
416.628 286.425
411.928 297.594
406.791 309.801
401.153 323.196
394.939 337.962
388.054 354.321
404.755 255.508
400.2 264.045
395.279 273.269
389.946 283.265
384.146 294.136
377.816 306
370.879 319.002
363.244 333.312
354.8 349.139
381.482 253.11
376.096 261.448
370.283 270.448
363.989 280.192
357.153 290.776
349.701 302.313
341.546 314.939
332.583 328.814
322.687 344.136
358.766 250.769
352.591 258.915
345.932 267.7
338.73 277.201
330.916 287.509
322.408 298.733
313.11 310.999
302.905 324.461
291.656 339.301
