300.898 332.73
286.858 302.833
274.454 276.421
263.417 252.917
253.531 231.867
244.626 212.905
236.563 195.735
229.228 180.114
222.526 165.842
347.433 321.395
330.867 292.81
316.194 267.49
303.107 244.907
291.361 224.639
280.761 206.348
271.147 189.758
262.387 174.642
254.372 160.812
391.945 310.554
373.076 283.196
356.322 258.904
341.345 237.189
327.877 217.662
315.701 200.008
304.639 183.969
294.546 169.335
285.299 155.928
434.562 300.173
413.593 273.968
394.929 250.643
378.21 229.748
363.146 210.923
349.504 193.874
337.091 178.361
325.749 164.186
315.344 151.182
475.403 290.225
452.518 265.102
432.101 242.689
413.775 222.57
397.232 204.41
382.226 187.936
368.551 172.924
356.038 159.187
344.545 146.57
514.577 280.684
489.942 256.578
467.917 235.025
448.106 215.64
430.193 198.112
413.917 182.185
399.063 167.651
385.453 154.333
372.937 142.086
