527.895 375.868
473.826 376.79
419.675 377.714
365.44 378.639
311.12 379.566
256.717 380.494
202.23 381.423
147.658 382.354
93.0013 383.287
512.83 338.597
462.564 339.428
412.226 340.26
361.815 341.093
311.332 341.927
260.777 342.762
210.148 343.599
159.447 344.437
108.673 345.276
499.748 306.234
452.785 306.988
405.758 307.743
358.669 308.5
311.516 309.257
264.3 310.015
217.02 310.774
169.677 311.535
122.27 312.296
488.283 277.868
444.215 278.558
400.091 279.249
355.912 279.94
311.677 280.633
267.387 281.326
223.04 282.02
178.638 282.715
134.179 283.411
478.151 252.803
436.642 253.438
395.084 254.073
353.476 254.709
311.819 255.346
270.113 255.984
228.357 256.623
186.552 257.262
144.696 257.902
469.134 230.493
429.903 231.081
390.628 231.669
351.309 232.257
311.946 232.847
272.539 233.437
233.087 234.027
193.592 234.619
154.052 235.211
