436.988 217.296
441.868 228.215
447.192 240.128
453.024 253.177
459.439 267.531
466.53 283.398
474.41 301.031
483.218 320.74
493.129 342.916
410.245 217.489
413.961 228.416
418.014 240.336
422.454 253.393
427.339 267.756
432.738 283.633
438.738 301.276
445.444 320.996
452.989 343.184
383.508 217.683
386.06 228.616
388.844 240.544
391.893 253.609
395.248 267.981
398.956 283.867
403.076 301.52
407.681 321.252
412.863 343.453
356.777 217.876
358.166 228.816
359.681 240.752
361.34 253.825
363.166 268.206
365.183 284.102
367.425 301.765
369.931 321.508
372.751 343.721
330.052 218.069
330.278 229.016
330.525 240.959
330.795 254.04
331.092 268.43
331.421 284.336
331.786 302.009
332.193 321.764
332.652 343.989
303.333 218.262
302.397 229.216
301.376 241.167
300.258 254.256
299.027 268.655
297.668 284.57
296.157 302.254
294.468 322.019
292.568 344.257
