555.388 294.974
522.309 297.887
488.698 300.846
454.54 303.853
419.823 306.909
384.533 310.016
348.655 313.175
312.174 316.386
275.076 319.652
538.745 277.778
507.236 280.411
475.245 283.084
442.761 285.797
409.774 288.553
376.27 291.353
342.238 294.196
307.665 297.084
272.539 300.019
523.713 262.247
493.632 264.639
463.113 267.066
432.147 269.528
400.725 272.027
368.836 274.563
336.47 277.137
303.615 279.749
270.262 282.402
510.069 248.15
481.293 250.334
452.117 252.548
422.534 254.793
392.536 257.07
362.113 259.379
331.257 261.72
299.958 264.096
268.207 266.505
497.63 235.297
470.05 237.299
442.104 239.328
413.786 241.384
385.089 243.468
356.004 245.58
326.524 247.72
296.64 249.89
266.344 252.089
486.242 223.531
459.763 225.374
432.949 227.24
405.792 229.131
378.287 231.045
350.428 232.985
322.206 234.949
293.614 236.939
264.647 238.956
