0 0
0.027 0
0.054 0
0.081 0
0.108 0
0.135 0
0.162 0
0.189 0
0.216 0
0 0.027
0.027 0.027
0.054 0.027
0.081 0.027
0.108 0.027
0.135 0.027
0.162 0.027
0.189 0.027
0.216 0.027
0 0.054
0.027 0.054
0.054 0.054
0.081 0.054
0.108 0.054
0.135 0.054
0.162 0.054
0.189 0.054
0.216 0.054
0 0.081
0.027 0.081
0.054 0.081
0.081 0.081
0.108 0.081
0.135 0.081
0.162 0.081
0.189 0.081
0.216 0.081
0 0.108
0.027 0.108
0.054 0.108
0.081 0.108
0.108 0.108
0.135 0.108
0.162 0.108
0.189 0.108
0.216 0.108
0 0.135
0.027 0.135
0.054 0.135
0.081 0.135
0.108 0.135
0.135 0.135
0.162 0.135
0.189 0.135
0.216 0.135
