This is a camera calibration sample.
Usage: camera_calibration [configuration_file -- default ./default.xml]
Near the sample file you'll find the configuration file, which has detailed help of how to edit it.  It may be any OpenCV supported file format XML/YAML.
image images/CameraCalibration/2017-06-01-03-11-07.png has a visible marker
image images/CameraCalibration/2017-06-01-03-11-17.png has a visible marker
image images/CameraCalibration/2017-06-01-03-11-24.png has a visible marker
image images/CameraCalibration/2017-06-01-03-11-37.png has a visible marker
image images/CameraCalibration/2017-06-01-03-11-44.png has a visible marker
image images/CameraCalibration/2017-06-01-03-12-03.png has a visible marker
image images/CameraCalibration/2017-06-01-03-12-48.png has a visible marker
image images/CameraCalibration/2017-06-01-03-13-02.png has a visible marker

Image size
640 480


modelPoints

0 0 0
0.027 0 0
0.054 0 0
0.081 0 0
0.108 0 0
0.135 0 0
0.162 0 0
0.189 0 0
0.216 0 0
0 0.027 0
0.027 0.027 0
0.054 0.027 0
0.081 0.027 0
0.108 0.027 0
0.135 0.027 0
0.162 0.027 0
0.189 0.027 0
0.216 0.027 0
0 0.054 0
0.027 0.054 0
0.054 0.054 0
0.081 0.054 0
0.108 0.054 0
0.135 0.054 0
0.162 0.054 0
0.189 0.054 0
0.216 0.054 0
0 0.081 0
0.027 0.081 0
0.054 0.081 0
0.081 0.081 0
0.108 0.081 0
0.135 0.081 0
0.162 0.081 0
0.189 0.081 0
0.216 0.081 0
0 0.108 0
0.027 0.108 0
0.054 0.108 0
0.081 0.108 0
0.108 0.108 0
0.135 0.108 0
0.162 0.108 0
0.189 0.108 0
0.216 0.108 0
0 0.135 0
0.027 0.135 0
0.054 0.135 0
0.081 0.135 0
0.108 0.135 0
0.135 0.135 0
0.162 0.135 0
0.189 0.135 0
0.216 0.135 0

imagePoints

555.388 294.974
522.309 297.887
488.698 300.846
454.54 303.853
419.823 306.909
384.533 310.016
348.655 313.175
312.174 316.386
275.076 319.652
538.745 277.778
507.236 280.411
475.245 283.084
442.761 285.797
409.774 288.553
376.27 291.353
342.238 294.196
307.665 297.084
272.539 300.019
523.713 262.247
493.632 264.639
463.113 267.066
432.147 269.528
400.725 272.027
368.836 274.563
336.47 277.137
303.615 279.749
270.262 282.402
510.069 248.15
481.293 250.334
452.117 252.548
422.534 254.793
392.536 257.07
362.113 259.379
331.257 261.72
299.958 264.096
268.207 266.505
497.63 235.297
470.05 237.299
442.104 239.328
413.786 241.384
385.089 243.468
356.004 245.58
326.524 247.72
296.64 249.89
266.344 252.089
486.242 223.531
459.763 225.374
432.949 227.24
405.792 229.131
378.287 231.045
350.428 232.985
322.206 234.949
293.614 236.939
264.647 238.956


imagePoints

436.988 217.296
441.868 228.215
447.192 240.128
453.024 253.177
459.439 267.531
466.53 283.398
474.41 301.031
483.218 320.74
493.129 342.916
410.245 217.489
413.961 228.416
418.014 240.336
422.454 253.393
427.339 267.756
432.738 283.633
438.738 301.276
445.444 320.996
452.989 343.184
383.508 217.683
386.06 228.616
388.844 240.544
391.893 253.609
395.248 267.981
398.956 283.867
403.076 301.52
407.681 321.252
412.863 343.453
356.777 217.876
358.166 228.816
359.681 240.752
361.34 253.825
363.166 268.206
365.183 284.102
367.425 301.765
369.931 321.508
372.751 343.721
330.052 218.069
330.278 229.016
330.525 240.959
330.795 254.04
331.092 268.43
331.421 284.336
331.786 302.009
332.193 321.764
332.652 343.989
303.333 218.262
302.397 229.216
301.376 241.167
300.258 254.256
299.027 268.655
297.668 284.57
296.157 302.254
294.468 322.019
292.568 344.257


imagePoints

478.127 263.07
476.34 272.249
474.403 282.198
472.298 293.016
470 304.823
467.481 317.761
464.71 332
461.645 347.748
458.237 365.256
453.055 260.486
450.297 269.443
447.311 279.141
444.068 289.674
440.533 301.155
436.665 313.719
432.414 327.526
427.72 342.771
422.511 359.69
428.605 257.966
424.926 266.709
420.946 276.165
416.628 286.425
411.928 297.594
406.791 309.801
401.153 323.196
394.939 337.962
388.054 354.321
404.755 255.508
400.2 264.045
395.279 273.269
389.946 283.265
384.146 294.136
377.816 306
370.879 319.002
363.244 333.312
354.8 349.139
381.482 253.11
376.096 261.448
370.283 270.448
363.989 280.192
357.153 290.776
349.701 302.313
341.546 314.939
332.583 328.814
322.687 344.136
358.766 250.769
352.591 258.915
345.932 267.7
338.73 277.201
330.916 287.509
322.408 298.733
313.11 310.999
302.905 324.461
291.656 339.301


imagePoints

527.895 375.868
473.826 376.79
419.675 377.714
365.44 378.639
311.12 379.566
256.717 380.494
202.23 381.423
147.658 382.354
93.0013 383.287
512.83 338.597
462.564 339.428
412.226 340.26
361.815 341.093
311.332 341.927
260.777 342.762
210.148 343.599
159.447 344.437
108.673 345.276
499.748 306.234
452.785 306.988
405.758 307.743
358.669 308.5
311.516 309.257
264.3 310.015
217.02 310.774
169.677 311.535
122.27 312.296
488.283 277.868
444.215 278.558
400.091 279.249
355.912 279.94
311.677 280.633
267.387 281.326
223.04 282.02
178.638 282.715
134.179 283.411
478.151 252.803
436.642 253.438
395.084 254.073
353.476 254.709
311.819 255.346
270.113 255.984
228.357 256.623
186.552 257.262
144.696 257.902
469.134 230.493
429.903 231.081
390.628 231.669
351.309 232.257
311.946 232.847
272.539 233.437
233.087 234.027
193.592 234.619
154.052 235.211


imagePoints

300.898 332.73
286.858 302.833
274.454 276.421
263.417 252.917
253.531 231.867
244.626 212.905
236.563 195.735
229.228 180.114
222.526 165.842
347.433 321.395
330.867 292.81
316.194 267.49
303.107 244.907
291.361 224.639
280.761 206.348
271.147 189.758
262.387 174.642
254.372 160.812
391.945 310.554
373.076 283.196
356.322 258.904
341.345 237.189
327.877 217.662
315.701 200.008
304.639 183.969
294.546 169.335
285.299 155.928
434.562 300.173
413.593 273.968
394.929 250.643
378.21 229.748
363.146 210.923
349.504 193.874
337.091 178.361
325.749 164.186
315.344 151.182
475.403 290.225
452.518 265.102
432.101 242.689
413.775 222.57
397.232 204.41
382.226 187.936
368.551 172.924
356.038 159.187
344.545 146.57
514.577 280.684
489.942 256.578
467.917 235.025
448.106 215.64
430.193 198.112
413.917 182.185
399.063 167.651
385.453 154.333
372.937 142.086


imagePoints

336.624 237.106
361.047 239.564
386.023 242.079
411.57 244.65
437.708 247.282
464.458 249.975
491.842 252.732
519.883 255.555
548.604 258.446
329.976 246.472
355.316 249.14
381.252 251.87
407.807 254.666
435.002 257.529
462.862 260.462
491.41 263.468
520.672 266.549
550.676 269.707
322.77 256.623
349.098 259.528
376.072 262.503
403.717 265.553
432.059 268.679
461.123 271.885
490.938 275.174
521.534 278.549
552.94 282.013
314.933 267.664
342.328 270.836
370.427 274.091
399.256 277.429
428.844 280.856
459.222 284.374
490.422 287.988
522.478 291.701
555.425 295.516
306.38 279.714
334.932 283.194
364.251 286.767
394.369 290.438
425.318 294.209
457.135 298.087
489.855 302.075
523.517 306.177
558.164 310.4
297.005 292.921
326.815 296.753
357.466 300.694
388.993 304.747
421.435 308.918
454.833 313.212
489.228 317.634
524.667 322.19
561.198 326.886


imagePoints

553.845 263.605
495.034 264.889
436.055 266.178
376.906 267.47
317.588 268.765
258.1 270.064
198.44 271.368
138.609 272.674
78.6047 273.985
537.888 224.175
482.8 225.325
427.564 226.478
372.18 227.634
316.648 228.793
260.966 229.956
205.134 231.121
149.151 232.29
93.0171 233.462
523.84 189.458
472.031 190.496
420.092 191.536
368.022 192.579
315.82 193.624
263.486 194.672
211.02 195.723
158.421 196.776
105.689 197.832
511.376 158.658
462.478 159.601
413.464 160.545
364.334 161.492
315.086 162.441
265.721 163.393
216.238 164.346
166.637 165.302
116.918 166.261
500.243 131.148
453.946 132.009
407.546 132.872
361.041 133.737
314.431 134.604
267.716 135.473
220.895 136.343
173.969 137.216
126.936 138.091
490.239 106.426
446.281 107.217
402.229 108.009
358.083 108.804
313.842 109.6
269.507 110.398
225.077 111.197
180.552 111.999
135.93 112.802


imagePoints

468.895 355.817
407.189 328.759
350.086 303.719
297.09 280.48
247.774 258.855
201.766 238.681
158.746 219.816
118.43 202.138
80.5727 185.537
492.347 310.889
433.518 287.103
378.822 264.987
327.839 244.373
280.202 225.112
235.593 207.075
193.732 190.149
154.372 174.234
117.296 159.243
513.028 271.267
456.844 250.198
404.39 230.527
355.306 212.119
309.277 194.858
266.027 178.639
225.312 163.37
186.914 148.97
150.642 135.367
531.403 236.065
477.653 217.275
427.286 199.667
379.99 183.134
335.493 167.579
293.555 152.918
253.96 139.076
216.518 125.987
181.057 113.591
547.837 204.58
496.332 187.723
447.907 171.873
402.293 156.943
359.253 142.856
318.574 129.541
280.067 116.938
243.563 104.99
208.91 93.6477
562.622 176.255
513.192 161.049
466.578 146.708
422.545 133.162
380.885 120.346
341.412 108.203
303.957 96.68
268.369 85.7319
234.513 75.3164

result

fx
551.825
fy
515.05
cx
326
cy
270.916
# Calibration succeeded. avg re projection error = 2.34343
